           1           2  0.71095508398648799     
           2           3  0.26778895062342312     
           1           4  0.14239170560578598     
           3           4  0.19675447643386643     
           2           5  0.28704848155712132     
           2           6  0.23530674071059032     
           2           7  0.31181283921262876     
           5           7  0.13404400467137109     
           6           7  0.11309063590861498     
           1           8  0.10735681815958037     
           2           8  0.22798089053533499     
           6           8  0.11438637387835131     
           2           9  0.27842599221638120     
           5           9  0.15557123464327940     
           8           9  0.18836184784048535     
           3          10  0.83341384090633952     
           3          11  0.64683957178584606     
           8          11  0.12517243140206333     
           3          12  0.58350471554293715     
