   -0.10184458
   -0.04727420
   -0.05695525
   -0.05169082
   -0.04923665
   -0.05543602
   -0.04390499
   -0.06267688
   -0.05682627
    0.01947042
    0.02654204
   -0.14575319
   -0.05513955
   -0.05886283
   -0.08272781
   -0.04089403
    0.10241478
   -0.09738692
   -0.09963821
   -0.10512133
   -0.75309658
    0.03515200
    0.03279644
    0.03037021
    0.02037547
    0.02666643
    0.02665756
    0.02982345
    0.02470198
    0.02195408
    0.02393546
    0.02418428
    0.01836472
    0.04236900
    0.01294400
   -0.00008580
   -0.03983795
   -0.03329383
    0.15128266
    0.05409014
   -0.06989189
   -0.06127449
   -0.09137860
    0.00062228
   -0.07933119
    0.27750923
   -0.02393715
    0.01281710
    0.02750326
    0.02345213
    0.08017866
    0.06938188
    0.09020119
    0.09868367
    0.10267165
    0.10667269
    0.10044164
    0.10473419
    0.10906619
    0.10947947
    0.11068935
    0.10658085
    0.10871644
