           1           2   1.0196634487355336     
           2           3   1.0087919283263420     
           3           4   1.0060189282547196     
           4           5   1.0087515090166059     
           5           6   1.0067449520521630     
           6           7   1.0073311822436799     
           7           8   1.0041769377019409     
           8           9  0.91369814562810792     
           9          10  0.99618734970510880     
          10          11   1.0013913848395184     
          11          12  0.99472744148116621     
          12          13  0.99685917933748824     
          13          14   1.0024185787351949     
          14          15   1.0084121396512378     
          15          16   1.0133644279711764     
          16          17  0.91917986112540462     
          17          18  0.95316286187090293     
          17          19  0.95182459123986918     
          17          20  0.94557933285322637     
           9          21  0.17245782905911461     
          12          21  0.16360596998117430     
           1          22  0.98768829895515220     
           1          23  0.98762436988844127     
           1          24  0.98764096069380614     
           2          25  0.97831789531405433     
           2          26  0.97654641724463309     
           3          27  0.97724022114137710     
           3          28  0.97722019702499408     
           4          29  0.97710727890571825     
           4          30  0.97606303445747278     
           5          31  0.97695357428052154     
           5          32  0.97414593715304298     
           6          33  0.97765862028528061     
           6          34  0.97502762201262927     
           7          35  0.97745032520900244     
           7          36  0.97746656500619888     
           8          37  0.97417547964973128     
           8          38  0.97052723775482708     
           9          39  0.87794897194462196     
           9          40  0.94409840394652411     
          10          41  0.97291173857303037     
          10          42  0.97265460683415339     
          11          43  0.95421660601609837     
          11          44  0.97630499944917049     
          12          45  0.96471811273698083     
          12          46  0.67484146077565355     
          21          46  0.22768552914082335     
          13          47  0.97049890164796582     
          13          48  0.97699886919207812     
          14          49  0.97699637094417224     
          14          50  0.97126214222193408     
          15          51  0.95479102970628582     
          15          52  0.96854395383693470     
          16          53  0.96640898199760694     
          16          54  0.96562218130453703     
          18          55  0.96934127124264002     
          18          56  0.97465550976829829     
          18          57  0.97642165684285587     
          19          58  0.97333938359399785     
          19          59  0.97390040149040469     
          19          60  0.97489388173249614     
          20          61  0.97425452387143840     
          20          62  0.97688838714722426     
          20          63  0.97530316349806723     
