           1           2   1.0027645639650282     
           2           3  0.97646674612868622     
           3           4  0.98948852630778328     
           1           5   1.0090577694344627     
           4           5   1.0053151574444104     
           3           6  0.95030789424766393     
           6           7   1.6712810428285445     
           6           8   1.2785282959909718     
           7           8  0.19475811904516208     
           1           9  0.97839381352180754     
           1          10  0.97741386585261947     
           2          11  0.98008653270899693     
           2          12  0.97837529420188440     
           3          13  0.96614607963100263     
           4          14  0.96003683308535270     
           5          15  0.97316592034479776     
           5          16  0.97308858527132480     
           8          17  0.91782962578676996     
           8          18  0.93335375902212492     
