           1           2   1.6699844092978244     
           2           3   1.2170144848814193     
           3           4   1.1760557574615706     
           4           5   1.6155747758620040     
           1           6   1.1032054524232693     
           5           6   1.0935457298518834     
           6           7   1.6611814092070878     
           4           8   1.0014344905321892     
           8           9   1.7048887864670852     
           8          10   1.1633882171930201     
           9          10  0.17735853836841431     
           1          11  0.96430045706073797     
           2          12  0.95651409842424917     
           3          13  0.91826335634483192     
           5          14  0.96000442373164607     
          10          15  0.82613780462417796     
