           1           2  0.98892412507962990     
           2           3  0.81040012822207608     
           3           4  0.68342283776266788     
           3           5  0.25620368044782277     
           4           5   1.0933394781557886     
           3           6  0.16048723044593799     
           4           6  0.24892976575655285     
           5           6   1.0107512862059496     
           3           7  0.27193547084563452     
           5           7  0.11661635118721342     
           6           7  0.30290830940563646     
           3           8  0.70301896508885320     
           6           8  0.12606586388915458     
           7           8  0.24526522133978640     
           3           9  0.11628872346533535     
           4           9  0.10280154731340281     
           5           9  0.14290342731715119     
           6           9  0.15374690762008408     
           7           9  0.11478145945280913     
           8           9  0.76969090995742961     
           3          10  0.32165175935122309     
           4          10  0.14450936385432875     
           6          10  0.15369523615397113     
           7          10  0.17558893796844990     
           8          10  0.57328349296156933     
           9          10  0.83290563988729760     
           3          11  0.24021429013612144     
           4          11  0.12060975688744316     
           5          11  0.13004862772677581     
           6          11  0.56757162438889996     
           7          11  0.96574385090890824     
           8          11  0.29236933378777497     
           9          11  0.26081796032377869     
          10          11  0.42490590924333294     
           4          12  0.10384297752069781     
           7          12  0.77849375397966725     
           8          12  0.14329816180672120     
           9          12  0.15235106386522912     
          11          12  0.20282551112526354     
           1          14  0.97104700636605412     
           1          15  0.97124419865037281     
           1          16  0.97098249193785513     
           2          17  0.89344871598045528     
           4          18  0.96260551114149651     
           5          19  0.97409712003642301     
           6          20  0.91588894833830481     
           8          21  0.89768588997806908     
           9          22  0.97653754277665850     
          10          23  0.95969203155102190     
          11          24  0.61249282464906230     
           3          25  0.18365816703830512     
           6          25  0.10189405143076488     
           8          25  0.12661596256962757     
          11          25  0.13221455978513788     
