           1           2   1.4303632502730612     
           2           3   1.3600985394990524     
           1           4  0.11913226168427973     
           3           4   1.4527086027007285     
           2           5  0.10141658216085131     
           4           5   1.4527317066092098     
           1           6   1.4303631595591799     
           3           6  0.10141304267017828     
           5           6   1.3600963010678355     
           5           7  0.80561303430941777     
           7           8   1.5341486476435404     
           7           9   1.5418823905692822     
           8           9  0.28855775674882739     
           3          10  0.80563713572882378     
          10          11   1.5341331192550800     
          10          12   1.5418742273173001     
          11          12  0.28852987441428479     
           1          13  0.89681454161215512     
           2          14  0.92700259470917812     
           6          15  0.92702515557292975     
