           1           2   1.0295415065823406     
           2           3   1.8602262105311320     
           2           4   1.0148489436683308     
           4           5   1.7032404343137286     
           4           6   1.1383998708388512     
           5           6  0.16862137509273392     
           1           7  0.98358244938565442     
           1           8  0.96721409821261006     
           1           9  0.96720960453094351     
           3          10  0.97151699145612791     
           3          11  0.97280172501204976     
           6          12  0.83791857016092564     
