           1           2   1.0361853033695281     
           2           3   1.2753452083176968     
           3           4   1.3757847630785554     
           1           5  0.44651026331227583     
           1           6  0.14216391648352486     
           5           6  0.11260092644168293     
           6           7  0.78900905888443118     
           7           8   1.1223652500806456     
           1           9  0.27335849713237192     
           4           9  0.58624169946617144     
           6           9  0.30354060950669581     
           1          10  0.87355394854925894     
           2          11  0.93933578059925971     
           4          12  0.95921144521262713     
           6          13  0.90489951013673742     
           6          14  0.94450142027006700     
           7          15  0.78803175660748892     
           7          16  0.81987214966480226     
           8          17  0.92897032682381286     
           8          18  0.88060612863071297     
           6          19  0.18606687271280503     
           7          19  0.15470793604608180     
