           1           2   1.5200367000116060     
           2           4  0.18895413963746421     
           1           5   1.2534049504536797     
           4           5   1.5470860584971173     
           2           6  0.14504209325621145     
           3           6  0.83957160603507008     
           2           7  0.14466727380218353     
           4           7  0.14781563499891881     
           6           7  0.54561383490736903     
           3           8  0.15444744693461820     
           4           8  0.11115340311869769     
           6           8  0.43019079863926257     
           7           8  0.17737174354970156     
           2           9  0.29663458452128350     
           4           9  0.19890719816667449     
           7           9  0.28349374713908027     
           8           9  0.35846940242047937     
           1          10  0.90072631628697863     
           2          11  0.91250477609193159     
           5          12  0.89013298073504732     
           7          13  0.92005301758742053     
           8          14  0.91341421404801204     
           8          15  0.93768254041473764     
           2          16  0.34482220104078815     
           4          16  0.28800586718723847     
