           1           2  0.97181319524455145     
           2           3  0.97688194656982341     
           3           4   1.0104450146109145     
           4           5   1.0104452930600074     
           5           6  0.97688177957954292     
           2           7  0.96693043262369327     
           6           7  0.96693090969829831     
           7           8   1.3847583033344590     
           6           9  0.98385390992578159     
           6          10  0.97181307653649995     
           2          11  0.98385383510956870     
           1          12  0.97599433426996907     
           1          13  0.98365313678852839     
           1          14  0.98001729299586227     
           3          15  0.97409318879680717     
           3          16  0.97318248019123244     
           4          17  0.97258890202415238     
           4          18  0.97346929889758149     
           5          19  0.97318430339402096     
           5          20  0.97409093746509334     
           9          21  0.98410603260336038     
           9          22  0.98535594802515636     
           9          23  0.98381969010449910     
          10          24  0.97599507700760091     
          10          25  0.98365320002812051     
          10          26  0.98001781992565729     
          11          27  0.98381730227930131     
          11          28  0.98410713874883149     
          11          29  0.98535600621826769     
