   -0.12585015
   -0.05827034
   -0.11145464
    0.06843818
    0.16967830
    0.22239557
    0.23231776
   -0.04058480
   -0.12651948
   -0.06360546
   -0.25518575
   -0.04672422
   -0.71801962
    0.06025323
    0.04199494
    0.03036174
   -0.00956995
   -0.01760494
    0.08951492
    0.23623371
   -0.00330524
    0.40929413
   -0.04205886
   -0.11768919
    0.05271226
   -0.17978016
    0.33761685
    0.03625493
   -0.15369070
    0.04199796
    0.02094329
    0.01990575
