           1           2   1.0035741513871834     
           2           3  0.96094761954027541     
           3           4  0.75407472742357518     
           4           5  0.77714236714498697     
           5           6  0.76893351171491919     
           6           7  0.74976322233669568     
           7           8  0.61014170401203360     
           8           9   1.2467277352786252     
           8          10  0.13429151801273551     
           9          10   1.1670084103424387     
           7          11  0.86428854800648824     
          10          11  0.98565001652676998     
          10          12   1.0112735827528241     
           3          13  0.45041946035068064     
           4          13  0.84510826470487943     
           5          13  0.40810703648116592     
           6          13  0.65834188905259872     
           7          13  0.85855303720183862     
           8          13  0.87012106850000204     
           9          13  0.18142147982090928     
           1          14  0.98302677031223618     
           1          15  0.98964595931952659     
           1          16  0.99017709393471731     
           2          17  0.97473732134086566     
           2          18  0.95590512709864872     
           3          19  0.93463826836456898     
           3          20  0.56413752939097805     
          13          20  0.28747456917194913     
           4          21  0.92529289726761554     
           4          22  0.39269786718559635     
          13          22  0.35983807331156281     
           5          23  0.95680182874359032     
           5          24  0.90303909019496620     
           6          25  0.66294482623670503     
          13          25  0.24772744479348613     
           6          26  0.88717680370026575     
           8          27  0.58533643031970017     
          13          27  0.20215513300769250     
           9          28  0.96554180400362788     
          11          29  0.94780311428116493     
          12          30  0.97934053642787422     
          12          31  0.98496497419781903     
          12          32  0.97525957323559875     
