           1           2   1.0012758741058116     
           2           3  0.98888916183317777     
           3           4   1.0048213879187309     
           4           5   1.0062023597310699     
           2           6   1.2279211039001809     
           5           6  0.97430013771440471     
           2           7  0.19395062726331977     
           6           7   1.6688182116632115     
           1           8  0.97852726513638766     
           1           9  0.97375567500973581     
           1          10  0.97890389990428439     
           3          11  0.96512362843795729     
           3          12  0.97062871468803369     
           4          13  0.97715661505461238     
           4          14  0.97871786891460877     
           5          15  0.96691001075246197     
           5          16  0.95429476257648238     
