           1           2  0.41972241733862309     
           1           3  0.39894276591441558     
           2           3  0.16282750747415692     
           1           4  0.17688871115952240     
           2           4  0.23920133397714874     
           3           4  0.10296939672564467     
           1           5  0.21545777380287956     
           2           5  0.48512839138415254     
           4           5  0.28191136172068554     
           2           6  0.67577193821641313     
           1           7  0.34668389367457242     
           1           8  0.36217990292504681     
           4           8  0.10615579178502008     
           7           8  0.11667830320048111     
           4           9  0.88258878213204617     
           4          10  0.86117708510759772     
           4          11  0.48164239020394239     
           7          11  0.11449262482514527     
