           1           2   1.3890936219911383     
           2           3   1.4822678010787529     
           3           4   1.3340598449358065     
           4           5   1.2643614664851270     
           1           6   1.4932981750634551     
           3           6  0.12562255253539040     
           5           6   1.3237543312301507     
           5           7   1.2042326231478810     
           7           8   1.5687910371025888     
           4           9   1.1717061661151837     
           8           9   1.2076560799984100     
           7          10   1.0137346568925156     
          10          11  0.94507081355776301     
          11          12  0.96279353888092323     
          12          13   1.7357681111030145     
          12          14   1.1525513135253491     
          13          14  0.17289745311907390     
          11          15   1.0159456646603309     
           1          16  0.97166124209064175     
           2          17  0.97163603087071748     
           3          18  0.96968435293707544     
           6          19  0.97127060562635581     
           8          20  0.96859409669955610     
           9          21  0.93815882246263704     
          10          22  0.97264386447141737     
          10          23  0.96524972070805359     
          11          24  0.95626353093333527     
          14          25  0.83523381555060305     
          15          26  0.95692658896465443     
          15          27  0.95610444285701024     
