           1           2   1.4396414222081797     
           2           3   1.4397920800382158     
           1           4  0.10577495654815547     
           3           4   1.4033310650391351     
           2           5  0.11244447657432979     
           4           5   1.4033713699149222     
           1           6   1.4396618447534739     
           3           6  0.11246170480519949     
           5           6   1.4397371504313041     
           4           7  0.93936337109827561     
           7           8   1.0755663321185476     
           7           9  0.15134670258971417     
           8           9   1.6966005144891272     
           8          10   1.0755665170146795     
           9          10  0.15134676459474788     
          10          11  0.93936315795251113     
          11          12   1.4033309942446230     
          12          13   1.4397917761236578     
          11          14  0.10577534579584207     
          13          14   1.4396420504848049     
          12          15  0.11246151384179859     
          14          15   1.4396605506842035     
          11          16   1.4033706563502522     
          13          16  0.11244417802958688     
          15          16   1.4397383898358709     
           1          17  0.96905599496818728     
           2          18  0.96858679205527554     
           3          19  0.96772367381260982     
           5          20  0.96768132092788917     
           6          21  0.96857374670636098     
          12          22  0.96772605333940231     
          13          23  0.96858340672108323     
          14          24  0.96905462627837291     
          15          25  0.96857750593776148     
          16          26  0.96767921644561405     
