           1           2  0.98035816807520904     
           2           3   1.0717523361056336     
           3           4  0.82829053656280704     
           4           5   1.0171211308009849     
           5           6   1.0160727433853745     
           6           7  0.95469414410032372     
           3           8   1.0740485534601940     
           8           9  0.97598113992167068     
           3          10   1.0771505645635351     
          10          11  0.98039921531975038     
           1          12  0.97976282488962818     
           1          13  0.98476979368561013     
           1          14  0.98673086711205693     
           4          15  0.98700008570769115     
           4          16  0.98788521337689161     
           5          17  0.97947047665264342     
           5          18  0.97874719641275099     
           6          19  0.97693947306055495     
           6          20  0.97711613345757276     
           9          21  0.98373723693606752     
           9          22  0.97987802882894903     
           9          23  0.98652111737156556     
          11          24  0.97975203732601013     
          11          25  0.98659972157098053     
          11          26  0.98470663447740692     
