           1           2   1.4470185252343550     
           2           3   1.4144707476336069     
           1           4  0.10849099474745061     
           3           4   1.4139756884048793     
           2           5  0.10864750518421873     
           4           5   1.4463465259485724     
           1           6   1.3859786270922050     
           5           6   1.3877074030414225     
           6           7   1.0106887112205925     
           7           8   1.7136590507332963     
           7           9   1.1488111558989988     
           8           9  0.17554647879544971     
           3          10  0.75878495077698349     
          10          11   1.5927418838564287     
          10          12   1.5921531573879821     
          11          12  0.10955681900321598     
          10          13  0.96238141816506728     
           1          14  0.96192046256138075     
           2          15  0.96275676828185963     
           4          16  0.96241514437994302     
           5          17  0.96029898315366169     
           9          18  0.83259605772035172     
          13          19  0.92964643099603894     
          13          20  0.92994427267412949     
