           1           2  0.96982071497017308     
           1           3  0.11030212764442761     
           3           4  0.88117082192682927     
           1           5  0.14806630193687784     
           2           5  0.54954985410337132     
           3           5  0.83491738959572093     
           4           5  0.27499133023144418     
           1           7  0.71442268360308736     
           1           8  0.75002946263588099     
           5           8  0.11336911723668357     
           1           9  0.86594010733476712     
           2          10  0.48176363010168050     
           2          11  0.73101128616098154     
           5          11  0.13149085619796375     
           4          12  0.22861264331663761     
           5          12  0.13686839109859264     
           2          13  0.12167437004348029     
           5          13  0.17035818460126814     
          12          13  0.21315392634919691     
           3          14  0.29596679150690086     
           5          14  0.10848904106020678     
          13          14  0.16436482420992887     
           2          15  0.13595449422421846     
           3          15  0.22610895185759222     
           5          15  0.16760291468105915     
          12          15  0.15343026836494880     
          13          15  0.11701079840601585     
          14          15  0.24029959929557101     
           3          16  0.29305570213642856     
           5          16  0.59674604190887259     
           5          17  0.32862328138071639     
          15          17  0.14302641076661085     
           2          18  0.21006016055144888     
           5          18  0.25226437670160484     
          13          18  0.16891105384122557     
          15          18  0.11494759020388461     
          17          18  0.13747293475382430     
